,u_id,drunk_driver_involved,other,speeding_driver_involved
0,41633,0.2583378362134256,0.589235424164955,0.1524267396216194
1,38966,0.4675973997460379,0.38504937525951854,0.14735322499444348
2,24020,0.018430460587568354,0.9685792997089536,0.01299023970347804
3,52280,0.393940012564541,0.4275123186648557,0.1785476687706033
4,47480,0.20497965570803428,0.6002971981928865,0.19472314609907923
5,53521,0.2559340318543109,0.5258692341238248,0.21819673402186415
6,21812,0.05427590166054214,0.8969244189495418,0.04879967938991616
7,40144,0.0502942006816516,0.90953583898674,0.04016996033160851
8,16280,0.2929935708944002,0.5463631060242438,0.16064332308135604
9,21569,0.37031159373881745,0.5149169625428413,0.11477144371834129
10,8455,0.3014404620243475,0.4277373259398616,0.27082221203579104
11,5675,0.47552853043760124,0.32530399379523733,0.19916747576716146
12,5689,0.13014700436951987,0.7708346421020537,0.0990183535284265
13,20239,0.43495673520849615,0.35740381674640365,0.20763944804510034
14,708,0.28151491249810395,0.4239225749137471,0.294562512588149
15,43117,0.3915870257433772,0.36261655457928155,0.24579641967734125
16,50159,0.32268532240869713,0.410119373939321,0.26719530365198185
17,5898,0.5549680184452818,0.22785507348042747,0.2171769080742907
18,20435,0.21152873895300045,0.6676543878805208,0.12081687316647885
19,45560,0.014260384717045644,0.9535268793985004,0.032212735884453995
20,28801,0.04027189039600531,0.8729747921496462,0.08675331745434833
21,36975,0.4024910968364199,0.4278481805001365,0.16966072266344345
22,34436,0.44405269131106073,0.4043179248635021,0.15162938382543714
23,11661,0.44505423491749674,0.38788394414661487,0.16706182093588828
24,11694,0.30428168732362787,0.44905787696512217,0.24666043571124988
25,41285,0.3634946697122435,0.24523298923960557,0.3912723410481509
26,13446,0.0464545597683543,0.8728923838509075,0.08065305638073826
27,54630,0.21624519917830784,0.5933976653222064,0.19035713549948582
28,34279,0.3920674285505657,0.27034756839096236,0.33758500305847194
29,50501,0.03313936498928784,0.9376482561734747,0.02921237883723749
30,2324,0.026640538140283623,0.939391948552475,0.033967513307241466
31,56008,0.2731158741358352,0.4687396225094636,0.2581445033547012
32,5028,0.013028684222475573,0.9694563135942785,0.017515002183245747
33,2110,0.06966773723407563,0.8470229373180478,0.08330932544787664
34,37801,0.2199406202854107,0.6543055153463403,0.12575386436824892
35,22616,0.3383085934138648,0.34512901856938066,0.31656238801675446
36,11429,0.17781051991102173,0.711031774615954,0.1111577054730242
37,16439,0.02767774137083462,0.9478680168170925,0.02445424181207289
38,9751,0.40741751176863555,0.413225636598681,0.17935685163268347
39,4782,0.06091470177662048,0.8879980619909317,0.051087236232447694
40,43275,0.4732356369267294,0.39646526378877006,0.13029909928450062
41,24257,0.42807065847033526,0.39375877163808737,0.17817056989157734
42,31429,0.17478757417711283,0.6041620916793352,0.221050334143552
43,24459,0.0344538861374622,0.9419205209599395,0.02362559290259821
44,43924,0.22514775332919243,0.45706075257150697,0.3177914940993006
45,19478,0.38143323992743305,0.3567351793718949,0.26183158070067203
46,54000,0.6267435473196442,0.20298656110994673,0.1702698915704091
47,9140,0.2647229801389628,0.5071172513711596,0.2281597684898776
48,51099,0.039866504597582,0.9220949456903498,0.03803854971206815
49,18233,0.06274544705779073,0.8885596579858749,0.04869489495633434
50,14160,0.22649648190234584,0.6126204228002999,0.16088309529735423
51,31111,0.07045193843231005,0.8676095141767988,0.06193854739089118
52,29275,0.2504219417710337,0.5294380240236273,0.22014003420533898
53,14615,0.1518914932467745,0.6279941275146086,0.22011437923861696
54,23616,0.33249346046400136,0.3621391799666744,0.30536735956932437
55,24351,0.45634051141754184,0.42628415045108065,0.1173753381313774
56,44180,0.26475670471015483,0.6766222402174111,0.05862105507243399
57,37860,0.0313560286948136,0.9323099455261719,0.036334025779014484
58,29410,0.5235403230841372,0.2531738332141304,0.22328584370173246
59,40238,0.4370925433111309,0.2529785166282626,0.30992894006060645
60,56425,0.3206429617031722,0.4475310592952809,0.23182597900154692
61,16538,0.036512040040570855,0.9180092610254976,0.045478698933931645
62,39309,0.024803748703192054,0.8775418117330812,0.09765443956372687
63,5963,0.34951790865890325,0.3360006880566878,0.31448140328440893
64,9060,0.04948908110753441,0.914736473084761,0.03577444580770453
65,24108,0.33340896794329966,0.43115587392467486,0.23543515813202553
66,27739,0.2895403727099884,0.49277925939817097,0.2176803678918407
67,1369,0.31592736852559267,0.46542069753697185,0.2186519339374354
68,24505,0.16603654937985352,0.7074074072907754,0.12655604332937104
69,28112,0.32435550748255565,0.41669125435927706,0.2589532381581673
70,3101,0.2884132845980167,0.49473908314613874,0.21684763225584455
71,30823,0.32558566358629903,0.5675887339367635,0.10682560247693752
72,55844,0.3566823337164103,0.439414644988045,0.2039030212955446
73,46647,0.2967282894705038,0.4885365905375443,0.21473511999195202
74,14562,0.05333181381180418,0.9043644674132699,0.042303718774925926
75,12603,0.3072757432810117,0.3035475879091315,0.3891766688098567
76,12031,0.5802258819847304,0.2386358082861398,0.18113830972912992
77,42159,0.5277029396209074,0.2754286517686484,0.19686840861044425
78,48553,0.11762568205455463,0.8129825374758979,0.0693917804695475
79,17392,0.2691680570102741,0.5694409286975138,0.16139101429221214
80,46876,0.31482920656924046,0.39107581803645075,0.29409497539430873
81,2283,0.20727590369810028,0.5888030131120354,0.20392108318986427
82,9255,0.10420421509705015,0.8014413763395128,0.0943544085634372
83,42651,0.07229609117167932,0.8789372700635649,0.04876663876475579
84,31176,0.043094341355859475,0.9125846038543001,0.044321054789840456
85,9786,0.3761649871605154,0.36660607332721257,0.25722893951227194
86,33619,0.05171207987310276,0.8886382932236364,0.0596496269032609
87,8229,0.03326285739898677,0.9247876684503403,0.04194947415067297
88,7545,0.2196336574728846,0.669652992118287,0.1107133504088284
89,34573,0.3106111102160361,0.4977697629471609,0.19161912683680288
90,25763,0.25762454688819236,0.6016168104900652,0.1407586426217424
91,41426,0.02521036517872376,0.9463125915983812,0.028477043222894953
92,16941,0.06907399787827344,0.8713271705662414,0.0595988315554852
93,22237,0.5555062844911647,0.32941174345810487,0.11508197205073048
94,27117,0.04490017157817286,0.9151663783496431,0.03993345007218403
95,15653,0.022977008347929137,0.9556399134384621,0.021383078213608745
96,33491,0.3159064801423737,0.3864823445862441,0.29761117527138226
97,48896,0.2552440093579126,0.5521724747521028,0.19258351588998443
98,49075,0.39670011740063926,0.284811573926743,0.3184883086726176
99,41040,0.02831147164280789,0.932837523993177,0.03885100436401511
100,26077,0.10324088461762976,0.8099666082462418,0.08679250713612835
101,19691,0.06737666847800722,0.8229340339666164,0.10968929755537644
102,55898,0.025811509315886154,0.951127715860154,0.023060774823959858
103,45949,0.2641315058781086,0.3860076383580463,0.34986085576384507
104,12834,0.04849106820226486,0.9180871191491623,0.03342181264857276
105,35637,0.3423004274466626,0.3263163778559246,0.33138319469741273
106,44521,0.34630620152004465,0.4277114538582461,0.2259823446217092
107,40568,0.40656419423180334,0.35816175729716354,0.23527404847103311
108,11107,0.039496210311342185,0.9135799995347407,0.046923790153917226
109,54652,0.20459345299633547,0.622176160419751,0.17323038658391351
110,6372,0.42219640667676317,0.270347072340229,0.307456520983008
111,3757,0.025672992482053597,0.9530756056512865,0.02125140186665986
112,16157,0.24913338560042902,0.5825755100277908,0.16829110437178005
113,38320,0.4165650035799854,0.3646585836754388,0.21877641274457582
114,24591,0.3756436779768666,0.448923684193568,0.17543263782956536
115,42390,0.038310775782683805,0.9406729541127566,0.021016270104559732
116,20051,0.06999243928825423,0.8494002321456161,0.08060732856612965
117,24556,0.07317301090463174,0.8655336872236514,0.06129330187171667
118,141,0.3934292544220516,0.32991425865106977,0.27665648692687855
119,52343,0.24235402963994818,0.5306440396705849,0.22700193068946686
120,47500,0.031453449518283716,0.9270870173324339,0.04145953314928227
121,51130,0.46886355760885434,0.41720002517552995,0.11393641721561568
122,16451,0.13808037013258373,0.7588800571239925,0.1030395727434237
123,25644,0.19005848726365693,0.6734858189944251,0.1364556937419181
124,36079,0.3041146385242249,0.49135782724417965,0.20452753423159545
125,54028,0.5030594688944051,0.32536993247363954,0.17157059863195545
126,44271,0.041845088383199204,0.9169875030484022,0.041167408568398754
127,36508,0.05153747367046511,0.8824562125591736,0.0660063137703612
128,13121,0.13800780476336538,0.7886979987497673,0.07329419648686736
129,42941,0.2339189565477636,0.6154028166891055,0.15067822676313097
130,2735,0.05404104532846762,0.8967842580719846,0.049174696599547804
131,48711,0.5039919484859368,0.36994123562727727,0.12606681588678603
132,56580,0.3477729816408204,0.47599298043537186,0.17623403792380776
133,10832,0.45397324714043424,0.29865864233232275,0.24736811052724308
134,35993,0.5075243974670289,0.2551496819016588,0.23732592063131228
135,10808,0.18468551656793486,0.7070145273638889,0.1082999560681764
136,30409,0.014383381313481396,0.9701724390421509,0.015444179644367778
137,26535,0.42559996360174074,0.3871146086308517,0.1872854277674075
138,54700,0.1744318946748528,0.6824121177640433,0.14315598756110384
139,35679,0.45257681417369655,0.2689000414724758,0.2785231443538276
140,25217,0.3581588264411026,0.35376976088391543,0.2880714126749818
141,18595,0.5359606414548319,0.2747764575120982,0.18926290103306975
142,41209,0.4524569621051511,0.40253542236918843,0.14500761552566035
143,47493,0.3396531459239458,0.5214200090568032,0.13892684501925098
144,21076,0.026467111312065146,0.9577751504041114,0.01575773828382331
145,19368,0.46759545982372314,0.39772030743041414,0.13468423274586275
146,33028,0.5228339406767366,0.25926553549598486,0.21790052382727862
147,14008,0.04070331944345309,0.9230322838753302,0.0362643966812166
148,6024,0.07707494813614658,0.849309072367918,0.07361597949593542
149,19060,0.4651782213736223,0.3845185548940382,0.15030322373233956
150,37271,0.17152509341446345,0.7158595076329655,0.11261539895257107
151,54704,0.038943622739879634,0.9047666256012918,0.05628975165882857
152,39376,0.0334693676101798,0.9422842157049867,0.024246416684833686
153,14850,0.03922489769893474,0.8995593786116508,0.061215723689414483
154,38003,0.4298189315512749,0.24684020088385852,0.32334086756486663
155,23905,0.48782761086528004,0.261178048913827,0.250994340220893
156,7648,0.3957178831204338,0.22031752722779255,0.38396458965177355
157,5822,0.04339163016816939,0.9103571010265993,0.04625126880523135
158,30125,0.2509816203390979,0.2861275705976623,0.46289080906323987
159,9443,0.11192178997879869,0.776407711016731,0.11167049900447035
160,46440,0.03780772761548265,0.9205486704772186,0.04164360190729869
161,7492,0.3797212949697124,0.3266520911076263,0.2936266139226613
162,42875,0.2611910060206585,0.572921519851603,0.1658874741277386
163,50184,0.028444373188248478,0.9389349533407612,0.03262067347099049
164,13801,0.5439984541748237,0.23615580465735647,0.2198457411678198
165,29287,0.038369490804764386,0.9121688782298644,0.04946163096537133
166,23056,0.3770984546008654,0.45003244161948147,0.17286910377965312
167,19675,0.6109903031737682,0.20347437002485314,0.1855353268013786
168,40732,0.434637053776614,0.2692161705360238,0.29614677568736225
169,43312,0.14594728713948985,0.7179363115717636,0.13611640128874658
170,35278,0.4820545259637361,0.3899285178206503,0.12801695621561363
171,46709,0.02707546774871651,0.9435817764512622,0.029342755800021266
172,16996,0.40921666239886595,0.22908138782506962,0.36170194977606446
173,48148,0.27155210025611926,0.47587545229690487,0.2525724474469759
174,25890,0.03577403279188614,0.9317841241047016,0.032441843103412214
175,36042,0.3610073551643822,0.416423876727367,0.22256876810825088
176,29864,0.27398221420031543,0.5438599198033099,0.1821578659963746
177,29485,0.30979422817891894,0.39297956874257445,0.29722620307850667
178,31672,0.427019515091098,0.23709415148779533,0.3358863334211066
179,7037,0.09476042204481566,0.8099116414390009,0.09532793651618338
180,16510,0.15564012974673566,0.6828162666980504,0.16154360355521388
181,15775,0.39056760791109235,0.3573275944385513,0.2521047976503564
182,25888,0.4649727736087637,0.3123938059472408,0.22263342044399556
183,25008,0.12519918345670888,0.7316041697041966,0.1431966468390944
184,28926,0.5031392087149752,0.233234656472423,0.2636261348126017
185,12229,0.026492393767750803,0.9462798311571115,0.02722777507513767
186,24566,0.6172132217476853,0.20327807973136874,0.17950869852094595
187,46773,0.3236784236580509,0.46624030216133117,0.21008127418061806
188,2151,0.47422069237140047,0.18889425742964178,0.33688505019895776
189,43657,0.4598813060169111,0.2351387582968887,0.30497993568620024
190,15534,0.06354798260715294,0.8825626221615499,0.05388939523129717
191,18513,0.2823902935629899,0.46575582202505905,0.25185388441195117
192,27441,0.5263738780817218,0.2633711510729811,0.21025497084529712
193,31350,0.30607536846060596,0.4309432485402261,0.26298138299916785
194,26156,0.2722648271546209,0.5061680726415545,0.22156710020382459
195,34957,0.2043264389072757,0.6153429347402355,0.1803306263524888
196,1218,0.21802926630015454,0.6415384466541417,0.1404322870457037
197,27047,0.4135426587328047,0.2465466093414734,0.3399107319257218
198,38001,0.5381289922962833,0.29525952711859194,0.16661148058512482
199,50572,0.05211435255711404,0.9033580477319673,0.04452759971091864
200,2975,0.2106850426484832,0.3507946007152779,0.438520356636239
201,43838,0.10057440600090128,0.8130175747096495,0.0864080192894493
202,38318,0.025846261556805472,0.9426615716992957,0.03149216674389882
203,50060,0.25162342353340206,0.5528051685576154,0.1955714079089825
204,597,0.21718867479286041,0.6255060303713967,0.15730529483574285
205,49345,0.13191477827247675,0.7815964829025146,0.08648873882500865
206,52595,0.1509875382458678,0.7221231619391416,0.12688929981499067
207,8547,0.06279128553675867,0.8918543646113289,0.045354349851912286
208,5445,0.10920688156683568,0.7851173967829368,0.10567572165022748
209,33586,0.18128110896902833,0.7447114282908318,0.07400746274013999
210,24250,0.06723184449460577,0.8571170984147567,0.07565105709063759
211,9698,0.02964897621634703,0.9412890034191622,0.029062020364490668
212,43142,0.3233122257269427,0.355135560801615,0.32155221347144236
213,54850,0.5782912516689426,0.2588000446268834,0.1629087037041739
214,30044,0.06091186094565066,0.8730304046434239,0.06605773441092551
215,45018,0.25418853049709783,0.5952224105154069,0.15058905898749506
216,35274,0.040485541042833716,0.9290497372579949,0.03046472169917137
217,31101,0.016459779143537617,0.9636650995917311,0.019875121264731416
218,16795,0.3374317678010392,0.4215723370069597,0.24099589519200115
219,6373,0.3446373920399105,0.4517776268538375,0.20358498110625198
220,55332,0.22437604446433868,0.6433089462284584,0.1323150093072028
221,476,0.21477830775358894,0.6483634419415348,0.13685825030487622
222,32311,0.32006174972507034,0.4487114841474152,0.2312267661275145
223,51552,0.4260545501821834,0.4117959518226986,0.1621494979951179
224,23394,0.26965745057483587,0.5413371006857725,0.18900544873939173
225,16552,0.49294929111905683,0.30719552138428485,0.1998551874966582
226,40070,0.35999718590250784,0.3649344071461911,0.27506840695130097
227,11111,0.3094628219912009,0.47346688438941126,0.21707029361938773
228,42806,0.40690720232905087,0.2689194772752233,0.32417332039572594
229,11688,0.10465169022001482,0.8359944853811804,0.05935382439880487
230,51155,0.3369933704151679,0.4147403546436635,0.24826627494116862
231,30304,0.04002692699744798,0.8956308855343261,0.06434218746822586
232,39993,0.18796903822939198,0.35486957530388497,0.45716138646672305
233,19719,0.33803454929579424,0.36684502849613404,0.2951204222080718
234,7145,0.053339228211012495,0.910777157272311,0.035883614516676474
235,32917,0.32169712833797826,0.4822747277674931,0.1960281438945288
236,2909,0.024275235757837178,0.9329126814281258,0.042812082814037
237,50415,0.04825260273112911,0.8978801276935857,0.05386726957528509
238,9481,0.5807086391037447,0.23911533197319806,0.1801760289230572
239,53804,0.37522758087163527,0.4748100869802257,0.14996233214813912
240,33730,0.026415122854258784,0.9439695143031485,0.02961536284259266
241,21725,0.18498975600702525,0.6956021704851533,0.11940807350782154
242,11527,0.38085722717743264,0.4372872674315923,0.18185550539097506
243,50323,0.20069296096819472,0.667200341130216,0.1321066979015893
244,13233,0.33727360557186015,0.4387508388881974,0.2239755555399425
245,53672,0.26100959748153574,0.5504749287676394,0.1885154737508248
246,46273,0.026047312739674068,0.9410720799571144,0.03288060730321152
247,30568,0.3649616354718671,0.43465026265217405,0.20038810187595882
248,31852,0.24732600547564462,0.5520098207179885,0.20066417380636684
249,37402,0.2511229054496285,0.544556381727244,0.20432071282312758
250,8258,0.04668102992927497,0.9089478940522225,0.044371076018502424
251,23833,0.28586678260465054,0.5464816193123436,0.1676515980830059
252,34908,0.3598657692070658,0.4148304263480132,0.22530380444492096
253,38631,0.3517161428753268,0.4686325871305169,0.17965126999415632
254,16323,0.49819181584829536,0.3317166587955258,0.17009152535617894
255,36058,0.29613337534988055,0.4751414553856448,0.22872516926447473
256,3140,0.1331299344805175,0.7193439824497669,0.14752608306971562
257,12879,0.3374070184262669,0.3334200104426112,0.32917297113112176
258,56517,0.28497924887483594,0.4922254123497307,0.2227953387754334
259,42584,0.03801975469972228,0.9063228205776415,0.0556574247226363
260,52107,0.22105056580189866,0.5935732293277683,0.185376204870333
261,50087,0.09676200396763078,0.8261832797886813,0.07705471624368794
262,37358,0.5186118258439647,0.3042744751683035,0.17711369898773174
263,26521,0.30198164452160137,0.4212484778913981,0.2767698775870006
264,17886,0.08221009874216162,0.8442078445839204,0.07358205667391789
265,6037,0.35290735049104766,0.43221854723498565,0.21487410227396672
266,41548,0.3767859731564026,0.33264537479261586,0.2905686520509815
267,48889,0.42846174766330025,0.2670780919158959,0.304460160420804
268,32258,0.051672292490687395,0.889409498923452,0.058918208585860596
269,12876,0.29449913019903556,0.5543359170055345,0.15116495279543
270,13409,0.4391463950226735,0.44767413083708424,0.1131794741402422
271,53096,0.10876861438631913,0.7971260306766417,0.0941053549370392
272,38329,0.43072508874094695,0.446371836083201,0.12290307517585204
273,1852,0.23837548105726508,0.6257067856500315,0.1359177332927034
274,29177,0.05217689281568504,0.8858496736378662,0.061973433546448665
275,29163,0.29278220629553886,0.5486049627934917,0.15861283091096956
276,7965,0.3904114024116842,0.37676609110745013,0.23282250648086578
277,16880,0.5346804261132266,0.23812135412148436,0.22719821976528906
278,21098,0.08249648381393744,0.8755841009726893,0.04191941521337327
279,6952,0.40068763947117014,0.4287737038619943,0.17053865666683554
280,51571,0.006304950617310224,0.9884447148088902,0.005250334573799408
281,8957,0.03646978368973764,0.9481812464041262,0.015348969906136246
282,42865,0.08998902689872701,0.8480809625994474,0.061930010501825596
283,49753,0.424977918499428,0.195209333714432,0.37981274778614005
284,39567,0.4104435987170935,0.3829594657731151,0.20659693550979139
285,8664,0.36064047994615583,0.31625135160459045,0.32310816844925383
286,44238,0.05071652502138267,0.9002639853900873,0.04901948958853009
287,36626,0.02745077736839285,0.9394130938736097,0.03313612875799753
288,31893,0.11084615224795981,0.7586122284270165,0.13054161932502376
289,19693,0.48500531199869606,0.3062840312181223,0.2087106567831816
290,6959,0.4818567295876464,0.21437605080013533,0.3037672196122183
291,43936,0.25135158500912624,0.62258566632457,0.12606274866630374
292,55063,0.26260651901443943,0.5835587258027028,0.1538347551828577
293,14801,0.4142876134706988,0.29078735394246014,0.29492503258684105
294,28733,0.32077237454687496,0.45421668962867356,0.22501093582445164
295,30922,0.09165141061120592,0.7777967036412308,0.1305518857475634
296,36645,0.38765078359034066,0.31801441903546046,0.29433479737419876
297,16282,0.06871908323878148,0.8741606787938391,0.05712023796737944
298,56287,0.33063142757555913,0.4361151315152295,0.23325344090921138
299,32683,0.04650924412801904,0.9114902189898726,0.04200053688210843
300,46794,0.20053352275902425,0.5623589964768411,0.2371074807641348
301,16376,0.2578356180193313,0.6491040633964786,0.09306031858419009
302,14419,0.05375163855017528,0.9192315466961751,0.027016814753649674
303,10910,0.3120169554690172,0.3090796694406412,0.3789033750903416
304,3825,0.34900984880162944,0.39349165459830926,0.25749849660006124
305,43013,0.01519678497272059,0.9656030882444921,0.01920012678278742
306,38783,0.05983706855312751,0.8915419488038936,0.048620982642978774
307,29420,0.12384483226584321,0.8081123573016388,0.06804281043251811
308,49516,0.5657823117560797,0.23881750000764396,0.1954001882362764
309,55474,0.3708016105998122,0.351537454294998,0.2776609351051898
310,6992,0.36932140673307945,0.4796139230570029,0.15106467020991768
311,18823,0.3020570950054689,0.4977812987798539,0.20016160621467724
312,37954,0.5260050396905752,0.30309401754775395,0.17090094276167087
313,13050,0.31126219801252636,0.2771813792233125,0.4115564227641612
314,41886,0.04396484758671669,0.9184117778582511,0.037623374555032334
315,24955,0.030884872163039916,0.9030059031580903,0.06610922467886972
316,30837,0.0708171327445417,0.8585856589394869,0.07059720831597138
317,34736,0.3647492728800883,0.4303461102957604,0.2049046168241512
318,12008,0.07452302304327907,0.8943149833724106,0.03116199358431023
319,3739,0.17464646096260902,0.7379157748536858,0.08743776418370523
320,48479,0.2833531620109091,0.3117946538624121,0.4048521841266787
321,7496,0.014930450937976738,0.9731109291199825,0.011958619942040718
322,21140,0.25237996640069843,0.6156454799795621,0.13197455361973948
323,46762,0.5546024864597363,0.2604103510874364,0.18498716245282731
324,33878,0.24631636071760457,0.4135835742309456,0.34010006505144974
325,50633,0.4023129902021301,0.47119351279462396,0.12649349700324594
326,35710,0.03360950533726113,0.9201948758170813,0.04619561884565757
327,4732,0.17371482351003253,0.727901204691897,0.09838397179807043
328,46814,0.23683181290442826,0.520046543726746,0.24312164336882577
329,36216,0.024055211634244362,0.9497021133256881,0.026242675040067474
330,17130,0.2464297760765752,0.46829558565824203,0.28527463826518273
331,52079,0.34374812865301063,0.4295070746566684,0.22674479669032097
332,5672,0.37760607960857684,0.3841968239939029,0.23819709639752026
333,48823,0.2627361892880882,0.5434032853002302,0.19386052541168167
334,36815,0.051462899788389437,0.9095389968545092,0.03899810335710146
335,11579,0.12930647047063498,0.7336243429195407,0.1370691866098242
336,24317,0.3767557579260743,0.30999969922998294,0.3132445428439427
337,23830,0.5441762016430947,0.287555363449128,0.16826843490777724
338,48526,0.39345134080938327,0.3257459505422443,0.28080270864837237
339,41617,0.16527886284021168,0.7314409675126842,0.10328016964710425
340,31096,0.3419292586691013,0.3622270481581314,0.2958436931727672
341,23505,0.5364553895985462,0.29187350043472227,0.17167110996673143
342,45385,0.4641561768434121,0.1910195827507959,0.3448242404057921
343,28616,0.40156366262019505,0.3639752628380017,0.2344610745418032
344,53889,0.3703833599202788,0.46435094995140275,0.16526569012831846
345,8130,0.03998249405043156,0.9254505331912347,0.03456697275833378
346,50511,0.043376386071299226,0.911436449413717,0.04518716451498377
347,11048,0.3159578563247346,0.4257222824013825,0.2583198612738828
348,45439,0.04856286178932662,0.8981124519800485,0.05332468623062485
349,47628,0.05422550524675948,0.9226525382264841,0.02312195652675635
350,19442,0.1884715287004394,0.6427693367282136,0.16875913457134703
351,50348,0.024804535022916636,0.9512675540011313,0.023927910975951986
352,45125,0.2969380481346184,0.5293030759849682,0.1737588758804134
353,15480,0.20159636806658013,0.6254527666491234,0.17295086528429648
354,5785,0.3097249410064034,0.5057630496734102,0.1845120093201862
355,22950,0.03684803879107167,0.9168091150047611,0.046342846204167246
356,48285,0.04617094552637428,0.9252266037061444,0.028602450767481358
357,39728,0.30888977407723744,0.4880777209289575,0.2030325049938051
358,50648,0.3839894147198793,0.45809497507585994,0.15791561020426068
359,39162,0.4601936054833623,0.2450832911439455,0.2947231033726923
360,17040,0.23370460153966335,0.5751120410064473,0.1911833574538893
361,41394,0.17906843733872863,0.7071695727834182,0.11376198987785319
362,53765,0.04590805619464565,0.9315933920463346,0.022498551759019703
363,43503,0.2835759971871496,0.5095662401191626,0.2068577626936877
364,8465,0.04657091362277439,0.9132499279578514,0.04017915841937433
365,15858,0.02654219146935945,0.947488825507377,0.0259689830232635
366,27992,0.11757427560382382,0.788265368024789,0.09416035637138723
367,31428,0.34398500433674256,0.3895128890452795,0.2665021066179778
368,54432,0.23337138059224652,0.4239346484223392,0.34269397098541426
369,32182,0.5427169300224581,0.2865140770922162,0.1707689928853257
370,2410,0.5675212782387896,0.25888238794354046,0.17359633381766987
371,21454,0.37556736171178545,0.4709915626607405,0.15344107562747406
372,15178,0.3785194596465451,0.4641805239627821,0.15730001639067273
373,43882,0.05206933082692255,0.870588200127243,0.07734246904583443
374,45689,0.45099582242243497,0.27133977917459273,0.27766439840297213
375,16804,0.21921693819421337,0.6724708897055997,0.10831217210018698
376,2799,0.08810996767416697,0.8399251212522297,0.07196491107360332
377,37350,0.2375169642978085,0.5965413341138995,0.165941701588292
378,29841,0.36217083829003455,0.3238814083422747,0.31394775336769076
379,12201,0.04230846065985162,0.9187858423671826,0.03890569697296581
380,32347,0.2029765180907884,0.6877197988978837,0.10930368301132795
381,27940,0.09157454623556939,0.8418911182706199,0.06653433549381058
382,39360,0.4393359794773799,0.4014463559776804,0.1592176645449397
383,30727,0.4347647031297976,0.3137009969788674,0.2515342998913351
384,31648,0.3684115539278013,0.49044067913630474,0.141147766935894
385,3549,0.2147798949889783,0.6596670215563926,0.12555308345462912
386,53608,0.3828034891009465,0.47761067879783287,0.13958583210122064
387,48758,0.23674943586248756,0.5756405477864708,0.18761001635104171
388,24247,0.03163290288829161,0.9298293286098844,0.0385377685018238
389,23458,0.04344980202492742,0.9165388452383748,0.04001135273669785
390,8034,0.41164111226867967,0.36006458077985715,0.2282943069514631
391,54189,0.2785834204128292,0.4961305486595568,0.2252860309276141
392,54589,0.23056983785520638,0.6819774983629854,0.0874526637818081
393,55756,0.27897026010258497,0.40013380373976204,0.32089593615765305
394,52810,0.19637144400118164,0.6666712910797915,0.13695726491902677
395,54475,0.4870504870367587,0.33337646816647254,0.17957304479676858
396,36344,0.21882218100450757,0.6404501536755481,0.14072766531994418
397,34187,0.038326668730953875,0.9374614316500984,0.02421189961894785
398,45882,0.3938165827754825,0.2755178067866132,0.3306656104379043
399,32637,0.614936775900041,0.251922746187635,0.13314047791232408
400,32794,0.07025131798123871,0.8506677198318127,0.07908096218694863
401,48482,0.4078627865377437,0.39314162302106415,0.19899559044119217
402,30153,0.2606915818271895,0.3529192195636631,0.3863891986091474
403,27002,0.022686616282102456,0.9576296042278825,0.019683779490015006
404,1991,0.018399011932860306,0.9671103290355827,0.014490659031556889
405,41343,0.01904675016142417,0.9574074757640111,0.02354577407456467
406,12653,0.34230331527033364,0.43500693297299114,0.2226897517566752
407,16344,0.2981267374427034,0.26269112935253836,0.43918213320475824
408,7418,0.5170373186445532,0.171366504139399,0.311596177216048
409,12869,0.43756030983653516,0.4377713071751172,0.12466838298834775
410,31569,0.275669952125158,0.4049802143592213,0.3193498335156205
411,51171,0.37116982891448136,0.3822016491134806,0.24662852197203797
412,8882,0.3021159626255138,0.47411947480516664,0.22376456256931962
413,29941,0.2187424951440259,0.6250819432066737,0.15617556164930044
414,54008,0.29943191312897616,0.4554848969312457,0.2450831899397782
415,43229,0.30054750467454977,0.5235493445161153,0.17590315080933486
416,17018,0.48660360414729203,0.2167814165466891,0.2966149793060188
417,28196,0.12305955330125937,0.8064051607257717,0.07053528597296899
418,17555,0.5439015658362775,0.22073234358339794,0.23536609058032457
419,8351,0.37524751611560986,0.32702565735093886,0.29772682653345134
420,6603,0.5679935001794615,0.23788736615318545,0.19411913366735295
421,22852,0.4954308323370787,0.3721991904067547,0.1323699772561667
422,44570,0.3058754523413848,0.5387941099914966,0.1553304376671186
423,29139,0.40956851350544865,0.23298042806383404,0.3574510584307174
424,33364,0.3276845061010962,0.29625834074860413,0.37605715315029964
425,29186,0.24119912933771354,0.43332817115271194,0.3254726995095746
426,44531,0.4176455088534823,0.4431211587405869,0.1392333324059308
427,14237,0.22356801027089088,0.5815161140456685,0.19491587568344057
428,19516,0.17238365642778375,0.7240373006024705,0.10357904296974572
429,50412,0.27727948003275654,0.42369233473592,0.2990281852313235
430,52352,0.04512522007980747,0.9094977222917981,0.045377057628394446
431,52122,0.07980119878021327,0.7916298062642583,0.12856899495552862
432,11311,0.23261722272153065,0.6262674513581791,0.1411153259202903
433,2546,0.3296097672752941,0.49391303591508345,0.1764771968096226
434,3447,0.3413171365774816,0.4989981101156493,0.15968475330686904
435,28230,0.5201358605179165,0.234889255733295,0.24497488374878854
436,55515,0.023643262364100394,0.9515142658287985,0.024842471807101165
437,54377,0.5871983951562606,0.23346632270007017,0.17933528214366926
438,54211,0.4790048089501213,0.35515893480428473,0.16583625624559398
439,32138,0.045715846209335005,0.9218028100438065,0.03248134374685852
440,21136,0.09706540456148818,0.8001947587098448,0.10273983672866698
441,26711,0.3856985871590684,0.3386713652132739,0.27563004762765764
442,25226,0.02811066910744103,0.9258466836631065,0.046042647229452435
443,20744,0.3244441615980914,0.2805909140606483,0.3949649243412604
444,46777,0.05965918029149396,0.8682743887937366,0.07206643091476943
445,7956,0.295126945205495,0.5708789016587982,0.13399415313570692
446,7889,0.40529299236856003,0.3533242266571269,0.2413827809743131
447,20605,0.3086238726982423,0.3713857240651506,0.3199904032366071
448,50432,0.44331105937671095,0.21440903717021606,0.3422799034530729
449,367,0.2478499086358742,0.38368222338001906,0.3684678679841068
450,13695,0.08523367359031486,0.8040424088609307,0.11072391754875459
451,30002,0.3591181063646274,0.3377399063045895,0.30314198733078307
452,56330,0.46728370424181026,0.3499988007763965,0.18271749498179313
453,2557,0.057636266716555945,0.9061591887214466,0.036204544561997225
454,47418,0.42181469042676123,0.34526799054102464,0.23291731903221416
455,17100,0.259881061176724,0.5297127196025054,0.2104062192207706
456,27717,0.03540501596297251,0.9224950892438951,0.04209989479313236
457,38322,0.35991698960861124,0.460556709477438,0.1795263009139507
458,36033,0.14660327294449946,0.7618784051942004,0.09151832186130018
459,5882,0.40156974206435814,0.38659370535845194,0.21183655257718986
460,6240,0.40392815302447294,0.27699295705175625,0.3190788899237708
461,54982,0.5711964270864296,0.26960735130425856,0.15919622160931193
462,9623,0.4948647800624563,0.32962759484793913,0.17550762508960444
463,51119,0.03914320159267491,0.9482445501737699,0.012612248233555277
464,1174,0.011756607994776012,0.9787967672468886,0.009446624758335258
465,28448,0.016242903723055684,0.9718827295414136,0.011874366735530831
466,39256,0.3461284952143784,0.31847243614053095,0.3353990686450906
467,6931,0.03003543873652875,0.9338238333606678,0.0361407279028034
468,406,0.1702521581292901,0.6381917537259121,0.1915560881447979
469,5879,0.2515662144036288,0.6377443353105803,0.11068945028579096
470,8024,0.03182145481283733,0.9520266490980084,0.016151896089154166
471,48015,0.05635511104539251,0.8846713998205712,0.05897348913403617
472,8009,0.32860874620016667,0.4113705216153225,0.26002073218451077
473,25180,0.4310967046118809,0.27034207370744695,0.2985612216806721
474,3349,0.3496576580034877,0.44061536368664006,0.20972697830987222
475,16406,0.6054810125135525,0.23381405804231264,0.16070492944413486
476,43952,0.4291998875915109,0.30156339785583447,0.26923671455265463
477,35579,0.3110853444568615,0.5741728099780253,0.1147418455651132
478,39545,0.05158840837032112,0.893457137582358,0.05495445404732098
479,27273,0.05553309397149579,0.875568745666237,0.06889816036226722
480,22894,0.16037405093727705,0.6650296219702185,0.1745963270925043
481,450,0.19149511499627342,0.6349321555669648,0.1735727294367618
482,50429,0.16883146695107668,0.603467935755871,0.2277005972930524
483,31495,0.43444237152213644,0.3790105608696628,0.1865470676082007
484,54942,0.5579137408039457,0.25526497067653287,0.18682128851952137
485,25035,0.033278296186701285,0.9369183739983036,0.029803329814995082
486,44829,0.21675701251371046,0.32344341716250374,0.4597995703237858
487,40595,0.3285205367183856,0.4599043915467979,0.2115750717348164
488,31163,0.014184662001082432,0.9758173504585621,0.009997987540355417
489,10164,0.062461660950431666,0.8535067464905968,0.08403159255897137
490,30053,0.33112150173443206,0.4970106134685709,0.171867884796997
491,55716,0.37123841310509875,0.4158202772416404,0.21294130965326077
492,35128,0.07468907175851357,0.8720162026663182,0.05329472557516829
493,4659,0.37061476082884265,0.5068822973314934,0.12250294183966397
494,8839,0.04294434258520315,0.9137473662548177,0.04330829115997914
495,9631,0.28697724129054386,0.5343169377085869,0.17870582100086915
496,5641,0.025095226645985,0.9388645781442702,0.03604019520974478
497,35574,0.3795297588365248,0.46090315522023384,0.15956708594324132
498,21786,0.27424682963216407,0.5890969623308496,0.13665620803698617
499,7691,0.4965833050003825,0.29354353828371865,0.20987315671589873
500,22902,0.03971142982325187,0.8781217507577941,0.08216681941895397
501,33361,0.312389206477863,0.4722655382855133,0.2153452552366236
502,29542,0.3953091673847638,0.34177137134402347,0.26291946127121274
503,8940,0.024481801549631078,0.9432129398946568,0.03230525855571195
504,15645,0.5068836653720884,0.2687546711700876,0.22436166345782402
505,15099,0.2644313772145528,0.39045044803657286,0.3451181747488743
506,10468,0.31510204878495535,0.5306740258760313,0.1542239253390133
507,11460,0.3901960334054435,0.3393878273574516,0.27041613923710484
508,33107,0.24477268667940458,0.5786073687924848,0.17661994452811072
509,34918,0.036461118228630435,0.9325964578159562,0.030942423955413214
510,13243,0.5876098338571815,0.20994442223736814,0.20244574390545042
511,42524,0.27523529386777085,0.5487670722958732,0.17599763383635597
512,33392,0.34480583946211857,0.4381579166788622,0.21703624385901923
513,4462,0.23429740533517365,0.6043020758819599,0.16140051878286635
514,17269,0.18894303652335664,0.6506609650761913,0.16039599840045207
515,54225,0.1933397333629325,0.6841570952486523,0.12250317138841534
516,45016,0.4373518895284844,0.42627194602088603,0.13637616445062956
517,10519,0.6159410272282961,0.19718081244913357,0.1868781603225703
518,30391,0.3240032599049088,0.43771627162172744,0.2382804684733637
519,28576,0.3719581761073975,0.33658565667739376,0.29145616721520873
520,35517,0.17161075679577775,0.7412221429995255,0.08716710020469672
521,32954,0.3556957456051072,0.4496594175367144,0.19464483685817835
522,22245,0.014164246815356867,0.9688926609641377,0.01694309222050538
523,13546,0.030971076692415216,0.9291424483688853,0.03988647493869956
524,17158,0.374490291683624,0.4613367415250577,0.16417296679131824
525,46949,0.4084525927861657,0.48364088130430216,0.10790652590953206
526,7360,0.03709961606857622,0.9396278570883531,0.023272526843070778
527,45267,0.4492618771363505,0.2689866714454381,0.28175145141821145
528,18273,0.46780884118189797,0.28744747528090075,0.24474368353720138
529,12222,0.38081067294850585,0.28582121488688683,0.3333681121646072
530,21520,0.4380300382682595,0.4055320567506417,0.15643790498109866
531,19338,0.47718918586209824,0.397699944804485,0.12511086933341675
532,17465,0.4378300465471752,0.30449124798402194,0.2576787054688027
533,2389,0.0479654086571477,0.8911745823062457,0.06086000903660674
534,18807,0.2781110237785304,0.5331598732622637,0.188729102959206
535,36102,0.0426229208959232,0.8996249153686473,0.05775216373542942
536,14945,0.2994415823886977,0.5531627823212025,0.14739563529009975
537,49303,0.32614063478993843,0.49140089407578924,0.18245847113427224
538,22921,0.5041983624574847,0.3729467539329562,0.1228548836095592
539,4716,0.35813441339408264,0.37780243833445776,0.2640631482714596
540,4897,0.043088535499915995,0.8903900216133784,0.06652144288670545
541,17296,0.3583305253508034,0.39824386755076857,0.24342560709842803
542,31709,0.39287994697319334,0.2795453434556273,0.32757470957117935
543,31845,0.2988317548664628,0.6086179117940607,0.09255033333947663
544,25972,0.033052865975842845,0.945500799291875,0.02144633473228202
545,15141,0.023518723680976582,0.9493220753039439,0.02715920101507949
546,41944,0.03469117905787315,0.9112436895307495,0.05406513141137752
547,41562,0.07579296174671445,0.8369722061778925,0.0872348320753931
548,37227,0.4219430820640136,0.35452440450319705,0.22353251343278943
549,18422,0.4024941357670923,0.31552457370577747,0.28198129052713017
550,38530,0.3693891703555467,0.3458932667323511,0.2847175629121022
551,9453,0.5608138902385401,0.2222996326526846,0.2168864771087753
552,56028,0.344627422041063,0.48217957519546023,0.1731930027634767
553,19676,0.26520716381260395,0.4448421734504405,0.2899506627369555
554,47146,0.36320027969146784,0.38505029232784777,0.2517494279806844
555,5512,0.0174250739015247,0.9680430115068005,0.014531914591674676
556,36660,0.14300015795944576,0.7913846523622535,0.06561518967830075
557,2513,0.4878649206569854,0.2529432375884867,0.259191841754528
558,41367,0.4787810164010301,0.28186411087595376,0.23935487272301603
559,24784,0.045725092046510464,0.9282474772045928,0.0260274307488968
560,12051,0.20131962797794856,0.5928321109641193,0.2058482610579322
561,10288,0.04915891588119015,0.9193545666515451,0.031486517467264614
562,10158,0.4948755326784188,0.3870857875514391,0.11803867977014228
563,55489,0.5717823549222231,0.24495055930368262,0.1832670857740943
564,48937,0.38419634978827294,0.4212935986243018,0.1945100515874251
565,14976,0.4418895538140457,0.3961503635959822,0.161960082589972
566,54071,0.21241145037571327,0.6759773311205146,0.11161121850377197
567,23246,0.03735546785488394,0.9282673935207816,0.034377138624334454
568,47705,0.2610521363549289,0.36862704493071985,0.3703208187143512
569,45541,0.5100023041393631,0.3208641180799888,0.16913357778064805
570,31969,0.14575999467534664,0.738597151930949,0.11564285339370438
571,40197,0.01685385573998711,0.96341629992624,0.01972984433377292
572,4621,0.1277767490624888,0.7457768029256582,0.12644644801185298
573,16208,0.37634664938915263,0.37897862786732733,0.24467472274352003
574,27382,0.38621073465729944,0.27370569789391397,0.3400835674487866
575,28620,0.041130774013045775,0.9324728274253058,0.02639639856164857
576,37432,0.18503399169762985,0.6768464619267971,0.138119546375573
577,45253,0.12773617243133223,0.7371973801769117,0.13506644739175597
578,40013,0.10538001280034678,0.8036708490433714,0.09094913815628188
579,18135,0.2938516584656177,0.2969126151369155,0.40923572639746675
580,25615,0.10020494975165074,0.7786749065674512,0.12112014368089802
581,8836,0.057247889075801243,0.8987714011050679,0.04398070981913073
582,18836,0.4297549735463028,0.24759489734539764,0.3226501291082995
583,8506,0.037208997856426215,0.9096065231320529,0.05318447901152106
584,19376,0.022622596601311707,0.9582078068165963,0.01916959658209209
