,u_id,drunk_driver_involved,other,speeding_driver_involved
0,41633,0.23966195113912148,0.576027058885573,0.1843109899753054
1,38966,0.5188196463519954,0.3764109500365447,0.10476940361145988
2,24020,0.01855101370469005,0.963908174577634,0.017540811717676005
3,52280,0.4098755526989781,0.4488135035673934,0.1413109437336285
4,47480,0.18753397241911793,0.5580300614519489,0.2544359661289332
5,53521,0.2322322908625703,0.5226800876966959,0.24508762144073382
6,21812,0.05903308929156488,0.9108141286837972,0.030152782024637958
7,40144,0.052497276868732165,0.8917309829093623,0.055771740221905425
8,16280,0.31157068653387465,0.543673949503302,0.14475536396282337
9,21569,0.39274498919617157,0.5293642960041174,0.07789071479971088
10,8455,0.28272300774566295,0.4116102034614149,0.30566678879292203
11,5675,0.5105689741599059,0.3546052878456324,0.13482573799446188
12,5689,0.13393579062134314,0.7349955275280192,0.13106868185063775
13,20239,0.49335127043842025,0.3501770351109802,0.15647169445059964
14,708,0.26697106731956677,0.4193311596341996,0.3136977730462336
15,43117,0.43176061547645256,0.36044292071830136,0.2077964638052461
16,50159,0.31976660359378595,0.3621012186877969,0.3181321777184172
17,5898,0.6055548061571578,0.24746747533356295,0.14697771850927918
18,20435,0.19854262812097004,0.6814155690520386,0.12004180282699148
19,45560,0.01396334171405839,0.947604514171562,0.03843214411437961
20,28801,0.043341962434739895,0.8648816029527309,0.09177643461252925
21,36975,0.4308746436173559,0.4639824903835112,0.1051428659991329
22,34436,0.49065271621327605,0.3830312967411652,0.12631598704555874
23,11661,0.4576591999702812,0.4335015277742837,0.10883927225543515
24,11694,0.3289263227925541,0.4756529098786397,0.19542076732880612
25,41285,0.3253094521837365,0.21828277946561847,0.4564077683506449
26,13446,0.04615090492682232,0.8751222411502068,0.078726853922971
27,54630,0.21803116741960174,0.5571181081770304,0.22485072440336792
28,34279,0.4004772514903271,0.27785036877101743,0.3216723797386555
29,50501,0.03468694216460259,0.9261786937783791,0.03913436405701828
30,2324,0.024560245544386287,0.9349251934401864,0.040514561015427275
31,56008,0.250121182433871,0.39370021345225953,0.35617860411386965
32,5028,0.011547775921729233,0.9704580161317861,0.01799420794648458
33,2110,0.06902559235974783,0.8320123022117253,0.09896210542852689
34,37801,0.21462823846935408,0.6846745482766831,0.10069721325396291
35,22616,0.35008574985337815,0.2957323697136428,0.354181880432979
36,11429,0.1626586607567719,0.7239762026961245,0.11336513654710371
37,16439,0.029352083981155717,0.9401414896384127,0.030506426380431634
38,9751,0.4219001740904216,0.46190558505571155,0.11619424085386681
39,4782,0.06291874483440002,0.9046756672410738,0.032405587924526136
40,43275,0.5058601307301909,0.38457591371181626,0.10956395555799286
41,24257,0.4439974752246484,0.4416274453038129,0.11437507947153863
42,31429,0.15909082257387724,0.6115225425540856,0.22938663487203728
43,24459,0.03709037521761565,0.9316766544778677,0.03123297030451652
44,43924,0.2308757445353272,0.5017588197193001,0.26736543574537264
45,19478,0.3711133705473266,0.3384553465723221,0.2904312828803513
46,54000,0.6836893624993527,0.20148515285550198,0.11482548464514528
47,9140,0.2759171779100035,0.5271535979784403,0.19692922411155633
48,51099,0.040434377902910296,0.908314094311883,0.05125152778520664
49,18233,0.06938544502991055,0.8553116762635591,0.07530287870653042
50,14160,0.23757846332181587,0.6142868677138446,0.14813466896433952
51,31111,0.07462528093189506,0.8817032362571139,0.04367148281099094
52,29275,0.26081347484381534,0.5061634655241569,0.23302305963202777
53,14615,0.15951823709595342,0.5745487721715005,0.26593299073254606
54,23616,0.3450633510360972,0.36360651592565957,0.29133013303824323
55,24351,0.4795708446578888,0.4262882579845023,0.09414089735760876
56,44180,0.28094440757204114,0.6757942265775382,0.04326136585042058
57,37860,0.02772960405254057,0.9349423912808851,0.03732800466657431
58,29410,0.5735857021671957,0.2689805220534545,0.1574337757793497
59,40238,0.40336346389231564,0.2299569068134994,0.36667962929418496
60,56425,0.3259144554680379,0.42492808903585716,0.24915745549610488
61,16538,0.040474408429971305,0.9077946826865426,0.051730908883486054
62,39309,0.024355557413088324,0.8630122439432641,0.11263219864364739
63,5963,0.3443751120662743,0.2779023971788994,0.3777224907548263
64,9060,0.05306488410764381,0.9075649893634622,0.03937012652889405
65,24108,0.32503771619721133,0.42659341419516283,0.24836886960762586
66,27739,0.27728869237522463,0.5174945973605087,0.20521671026426666
67,1369,0.31696834346766023,0.43345363767325185,0.24957801885908784
68,24505,0.16264079714876473,0.7014894005834817,0.13586980226775353
69,28112,0.3103093380450428,0.3849230321104638,0.30476762984449346
70,3101,0.30458467232687153,0.5293739029009342,0.16604142477219438
71,30823,0.3257864725968153,0.5725697373228977,0.101643790080287
72,55844,0.3361338742468345,0.39694576263435866,0.26692036311880696
73,46647,0.269079100753766,0.44856693930436325,0.28235395994187074
74,14562,0.05485580276834256,0.8852738268492423,0.059870370382415085
75,12603,0.30539917024603114,0.2350690210004555,0.45953180875351335
76,12031,0.6234749289919869,0.25309688434318767,0.12342818666482551
77,42159,0.5709299447071321,0.2931573421293945,0.13591271316347345
78,48553,0.11550414367564191,0.8120171980686764,0.0724786582556817
79,17392,0.27383244084104635,0.6045775233292309,0.12159003582972283
80,46876,0.29485991488809515,0.41510547384689306,0.29003461126501173
81,2283,0.19273124144212297,0.611010335814116,0.19625842274376099
82,9255,0.11326563352145697,0.753782587028119,0.13295177945042402
83,42651,0.06927445698444329,0.9035390068908575,0.027186536124699047
84,31176,0.05262574625708899,0.9029798606745923,0.04439439306831863
85,9786,0.3660001502382594,0.33656186587045916,0.2974379838912815
86,33619,0.05639123105626676,0.8905416903754384,0.05306707856829479
87,8229,0.036962926989000326,0.9043547505314166,0.05868232247958306
88,7545,0.20935320583399789,0.6949564029448536,0.0956903912211486
89,34573,0.3128140629504199,0.5156013713998105,0.17158456564976954
90,25763,0.27106377219024974,0.6019051421629147,0.1270310856468356
91,41426,0.031874067119369,0.9322882666305499,0.035837666250081016
92,16941,0.07282246704059991,0.8520365065150595,0.07514102644434059
93,22237,0.5827836566928658,0.33393154908955236,0.08328479421758189
94,27117,0.04816565933793903,0.8913715279475828,0.06046281271447821
95,15653,0.024488114793315495,0.9401896667198683,0.03532221848681633
96,33491,0.3291939709985155,0.4316024525713147,0.23920357643016987
97,48896,0.26022872281255316,0.5836565940409382,0.15611468314650864
98,49075,0.36741916242411005,0.27780977044660554,0.35477106712928447
99,41040,0.030341638151102125,0.9290730342708408,0.040585327578057204
100,26077,0.11786429791728277,0.759290403402252,0.1228452986804654
101,19691,0.07318057686348932,0.7852682889273959,0.14155113420911472
102,55898,0.023313440086624074,0.962046555259466,0.014640004653909947
103,45949,0.2666154410019963,0.3793539051280929,0.3540306538699109
104,12834,0.04850069119652203,0.9276555790467658,0.023843729756712347
105,35637,0.3068018804529922,0.30299432352241024,0.39020379602459765
106,44521,0.35975399146265113,0.3857100537989985,0.2545359547383504
107,40568,0.38094697853139425,0.3602608634063168,0.25879215806228895
108,11107,0.0412711487922604,0.8860406775054172,0.0726881737023224
109,54652,0.19974159868426958,0.6042885596110538,0.1959698417046766
110,6372,0.39882164916682356,0.27839314135214316,0.3227852094810333
111,3757,0.02702923299527222,0.9400956292613182,0.032875137743409555
112,16157,0.2492029543067772,0.5692465094587635,0.1815505362344593
113,38320,0.40143214621347373,0.32445364569363366,0.27411420809289255
114,24591,0.33618448967687,0.416192188073757,0.24762332224937295
115,42390,0.04201230667170609,0.9399486441941862,0.018039049134107588
116,20051,0.07971103643646252,0.8065568183760746,0.11373214518746295
117,24556,0.08596898189180242,0.841486341831591,0.0725446762766065
118,141,0.35465635787848027,0.2930319703226365,0.3523116717988833
119,52343,0.23399450047564319,0.5856961902031691,0.18030930932118774
120,47500,0.030559931447255526,0.9180766575454504,0.051363411007294045
121,51130,0.5010433223627409,0.4253990267682793,0.0735576508689798
122,16451,0.13773839139067318,0.7421696547786327,0.12009195383069417
123,25644,0.21528790302230902,0.6385431088093423,0.1461689881683486
124,36079,0.2981663253910023,0.4573174080920383,0.24451626651695946
125,54028,0.5498254580587543,0.33747102120069433,0.11270352074055136
126,44271,0.04318655247546272,0.9023084337283777,0.05450501379615975
127,36508,0.045474651076537774,0.877193164775374,0.07733218414808837
128,13121,0.13865476724636852,0.7924528234105526,0.06889240934307891
129,42941,0.23556950556899955,0.609110347581837,0.15532014684916348
130,2735,0.046012653630578236,0.9068892479667225,0.04709809840269922
131,48711,0.5372367730385175,0.376260817818521,0.08650240914296158
132,56580,0.34933645771884236,0.4787497700689746,0.1719137722121831
133,10832,0.4793006713336076,0.30202794549225065,0.21867138317414173
134,35993,0.5449470631604513,0.26340002145389424,0.19165291538565457
135,10808,0.19052925257814365,0.6923166671349626,0.11715408028689363
136,30409,0.012522812645572185,0.9701602680016483,0.017316919352779462
137,26535,0.44363205140607737,0.40835057958716925,0.14801736900675352
138,54700,0.15495509211796538,0.7114954187328925,0.1335494891491422
139,35679,0.4993807071897665,0.3002075125797723,0.20041178023046125
140,25217,0.33592661453269784,0.3184066840630495,0.3456667014042526
141,18595,0.5983021588429732,0.2619087571884118,0.13978908396861506
142,41209,0.48981223692255177,0.39203414973054307,0.11815361334690515
143,47493,0.38953740569812395,0.48352992902999203,0.12693266527188415
144,21076,0.029556825295323823,0.9472991322184179,0.023144042486258204
145,19368,0.5318259959536219,0.36638050968658586,0.10179349435979217
146,33028,0.4811825482627373,0.21395842711586455,0.3048590246213982
147,14008,0.03716583172729839,0.9253462564337928,0.037487911838908726
148,6024,0.07741604647988518,0.8235569736382871,0.09902697988182778
149,19060,0.5144694064388137,0.38076800353560286,0.10476259002558341
150,37271,0.1628977247094765,0.744666862109542,0.09243541318098143
151,54704,0.03852442524067382,0.8823070975984607,0.07916847716086543
152,39376,0.03722336044444967,0.9448758468974466,0.01790079265810365
153,14850,0.040838564264023616,0.8827183471996803,0.07644308853629615
154,38003,0.4673292313147544,0.2811142282794387,0.251556540405807
155,23905,0.5311831710306892,0.2944799079906857,0.17433692097862508
156,7648,0.34949288813785256,0.2148418585864196,0.4356652532757277
157,5822,0.05471101881836793,0.8841981243001191,0.061090856881513056
158,30125,0.2176292003024587,0.25181239050802456,0.5305584091895167
159,9443,0.12674675700524593,0.7576023478362205,0.11565089515853355
160,46440,0.034601095095560475,0.9136732510575429,0.051725653846896674
161,7492,0.3995806247814302,0.34861339745920145,0.2518059777593683
162,42875,0.26580031137769883,0.5710054839228095,0.1631942046994917
163,50184,0.024813150115263423,0.9350262980549959,0.040160551829740786
164,13801,0.5155895684604922,0.24779168422565065,0.23661874731385713
165,29287,0.03767239651299146,0.8916051722420006,0.07072243124500792
166,23056,0.40445465564496536,0.46137433900870584,0.13417100534632895
167,19675,0.6624046251261865,0.21425172333043435,0.12334365154337931
168,40732,0.47041578374845117,0.2960936980006637,0.23349051825088515
169,43312,0.13938552257475595,0.7390564307433973,0.12155804668184661
170,35278,0.50747842111771,0.39755752180933773,0.09496405707295226
171,46709,0.027462913809996693,0.9428297317940386,0.02970735439596456
172,16996,0.36514550052434636,0.19298349551682298,0.44187100395883067
173,48148,0.28218315232752905,0.5034341038323592,0.21438274384011174
174,25890,0.03826143873869339,0.9345148921918922,0.02722366906941448
175,36042,0.4035370350833876,0.3840658902782304,0.21239707463838203
176,29864,0.28197904700755555,0.5053705301876441,0.2126504228048004
177,29485,0.2978798234740465,0.3608322878458047,0.34128788868014875
178,31672,0.3780828850749623,0.20381942075704587,0.4180976941679919
179,7037,0.08875347876334634,0.8181606131634055,0.09308590807324824
180,16510,0.16686118241494294,0.6571483377044607,0.17599047988059635
181,15775,0.36041251941813834,0.3399554680664471,0.29963201251541455
182,25888,0.43205755731422335,0.2738228756560235,0.29411956702975317
183,25008,0.13496039306133784,0.7147287824427505,0.15031082449591152
184,28926,0.48135008793447903,0.2060106093676353,0.31263930269788565
185,12229,0.02884236613326468,0.9461562814437747,0.025001352422960723
186,24566,0.6731013584149906,0.20645416906952677,0.12044447251548256
187,46773,0.31002546371874656,0.42292927533882463,0.2670452609424289
188,2151,0.4464389672674148,0.1828714671058101,0.3706895656267752
189,43657,0.4725633001939326,0.24532533111340168,0.2821113686926657
190,15534,0.06526754768776404,0.8957759555391845,0.0389564967730514
191,18513,0.25194163647450124,0.45544137365993387,0.29261698986556484
192,27441,0.5795838431194699,0.274299322132949,0.14611683474758103
193,31350,0.30231608955635053,0.46266938411582975,0.23501452632781974
194,26156,0.2453844056679131,0.4950189299377121,0.2595966643943747
195,34957,0.2095938287799298,0.6036370125508993,0.18676915866917096
196,1218,0.19523123077471172,0.6300860355967985,0.17468273362848974
197,27047,0.3628961435088082,0.2082746634223317,0.4288291930688599
198,38001,0.5947167993261693,0.2839213795668273,0.12136182110700329
199,50572,0.04757474281782987,0.9032244326891591,0.049200824493011
200,2975,0.23278767594973318,0.30522054662624876,0.461991777424018
201,43838,0.100300618559241,0.8059640516351162,0.09373532980564271
202,38318,0.02921551665245173,0.9353356243887738,0.03544885895877442
203,50060,0.24292871182680878,0.47403617870237275,0.28303510947081834
204,597,0.2678293014485111,0.5983953410958425,0.13377535745564648
205,49345,0.148858543620569,0.7856525426047516,0.06548891377467951
206,52595,0.1552077249382369,0.6837151189172382,0.16107715614452486
207,8547,0.06902311674100373,0.8979311214489838,0.03304576181001258
208,5445,0.11580316722185378,0.7170465801720163,0.16715025260612992
209,33586,0.17117437585251424,0.7751459178930178,0.05367970625446796
210,24250,0.06474576362080257,0.8411469458760223,0.09410729050317498
211,9698,0.030777134998451007,0.9341077566699284,0.03511510833162068
212,43142,0.3493863453792169,0.3890289593050446,0.2615846953157384
213,54850,0.633432181557806,0.2397431089776793,0.12682470946451466
214,30044,0.06008242946527235,0.86534711083969,0.07457045969503785
215,45018,0.23838590699946954,0.6023248370984248,0.1592892559021057
216,35274,0.04431895740835338,0.9340217640976272,0.021659278494019427
217,31101,0.013889715021038352,0.9675838787894222,0.018526406189539525
218,16795,0.33984444217687865,0.3669238651258298,0.2932316926972916
219,6373,0.30546339426243896,0.4500914231304846,0.24444518260707643
220,55332,0.19393274375843775,0.6991755272290155,0.10689172901254677
221,476,0.19431422501108658,0.6639837967647099,0.14170197822420352
222,32311,0.3267787269944732,0.4482353801383757,0.22498589286715112
223,51552,0.45340793861511935,0.41630929371906794,0.13028276766581254
224,23394,0.2638798603300783,0.5328741594458859,0.20324598022403575
225,16552,0.5341866679182332,0.3042814088217899,0.16153192325997692
226,40070,0.3672298674544742,0.3537458950902647,0.27902423745526106
227,11111,0.272105183627168,0.48880407381914137,0.2390907425536907
228,42806,0.3639417511952761,0.24783326525298657,0.38822498355173723
229,11688,0.10283293290429917,0.8187060706137247,0.07846099648197602
230,51155,0.31301756176612183,0.37140457804159926,0.31557786019227885
231,30304,0.042977661844776804,0.8791039563630891,0.07791838179213409
232,39993,0.20971180153608204,0.3669026702367933,0.42338552822712466
233,19719,0.3252098189092291,0.36469821302704813,0.31009196806372274
234,7145,0.05556758330207575,0.9170391697731214,0.027393246924802817
235,32917,0.28876467576034187,0.43566062293096136,0.2755747013086968
236,2909,0.02500416883482737,0.9369628170696453,0.03803301409552744
237,50415,0.055228142924517304,0.8710620548945214,0.07370980218096129
238,9481,0.6437646153777581,0.20630755876144566,0.14992782586079623
239,53804,0.3812304686796045,0.4593538147038769,0.15941571661651877
240,33730,0.028240113022992338,0.9308638951532029,0.04089599182380479
241,21725,0.18734233285847338,0.6497852373680661,0.16287242977346053
242,11527,0.39095399233966577,0.4717637192864641,0.13728228837387008
243,50323,0.2040372513216312,0.6119042783348974,0.18405847034347156
244,13233,0.37283698335484194,0.44863319448825745,0.17852982215690066
245,53672,0.23811521103380973,0.500375555170869,0.2615092337953214
246,46273,0.025775173859957017,0.9456030755162275,0.028621750623815653
247,30568,0.32966050067131736,0.3891752903256341,0.2811642090030485
248,31852,0.2516229608443554,0.5133117803130081,0.23506525884263652
249,37402,0.2334606694530543,0.5730043069149013,0.19353502363204422
250,8258,0.04858520555299937,0.8930949457721481,0.05831984867485257
251,23833,0.28470980093282067,0.5852849419438555,0.1300052571233238
252,34908,0.3713715189332668,0.43030045140818596,0.19832802965854737
253,38631,0.3683929288039221,0.513768490780008,0.11783858041606983
254,16323,0.5365703163288262,0.34398984919819114,0.11943983447298272
255,36058,0.32915298465968174,0.5109509828383788,0.15989603250193948
256,3140,0.1411926975803428,0.7190740713851016,0.1397332310345556
257,12879,0.3403130793556184,0.2982273542618722,0.36145956638250937
258,56517,0.29441876495337854,0.510336200562135,0.1952450344844864
259,42584,0.03802308357941276,0.8854383590799806,0.07653855734060672
260,52107,0.2209495174638261,0.5163078492528063,0.2627426332833678
261,50087,0.0956395547022476,0.8075984670887408,0.09676197820901161
262,37358,0.5688261407499715,0.28491584459069086,0.14625801465933763
263,26521,0.2928688312415236,0.3902142991728349,0.3169168695856415
264,17886,0.0933751073147029,0.8393964615128933,0.06722843117240383
265,6037,0.38125145679637007,0.4282629734730629,0.19048556973056707
266,41548,0.3578002275045252,0.30232550047027373,0.3398742720252011
267,48889,0.4681538491493867,0.2820357736860394,0.24981037716457388
268,32258,0.054488709309981294,0.8562284313959521,0.08928285929406676
269,12876,0.30161712834599674,0.5919329506132214,0.10644992104078185
270,13409,0.4643654953524497,0.44211217278261955,0.09352233186493064
271,53096,0.1006068570967549,0.8135222942599606,0.08587084864328459
272,38329,0.46081112775510275,0.4491745745663129,0.09001429767858443
273,1852,0.24192947973931891,0.5989868050272056,0.15908371523347553
274,29177,0.05214761674440711,0.8785046047016475,0.06934777855394557
275,29163,0.27765756387664947,0.5237744902450772,0.19856794587827326
276,7965,0.4181668287876378,0.4039190099984781,0.17791416121388404
277,16880,0.5932546316828637,0.24859417967098926,0.15815118864614697
278,21098,0.09671843328269726,0.8712326740572796,0.03204889266002322
279,6952,0.41762327045516606,0.45057518776246225,0.13180154178237166
280,51571,0.006526487582991631,0.9882249408584604,0.005248571558547859
281,8957,0.043544103251919486,0.9425800360219008,0.01387586072617956
282,42865,0.10728993664991804,0.8430471685481952,0.04966289480188677
283,49753,0.3659220216617771,0.17282249498589183,0.46125548335233096
284,39567,0.3769199842816482,0.3703497346240456,0.25273028109430623
285,8664,0.3198668698263528,0.30881707757881466,0.37131605259483247
286,44238,0.05383949562257273,0.8689688915072563,0.07719161287017098
287,36626,0.029696967001296183,0.9255850900187437,0.044717942979960075
288,31893,0.10728545261662466,0.7545718735529061,0.13814267383046924
289,19693,0.530726271965382,0.3341464952849546,0.13512723274966354
290,6959,0.5451757188295935,0.24905976790820453,0.205764513262202
291,43936,0.24821320179672368,0.6731844758333315,0.07860232236994469
292,55063,0.25889860879609383,0.5446113966674518,0.19648999453645435
293,14801,0.36097739952795505,0.2791513490301552,0.3598712514418897
294,28733,0.3214370838173337,0.4384469746187375,0.24011594156392865
295,30922,0.09478298602376253,0.7657831249545325,0.13943388902170492
296,36645,0.3480749266773341,0.2992272473601108,0.35269782596255517
297,16282,0.06631848615422321,0.8563320975256236,0.07734941632015331
298,56287,0.34630075955192025,0.4052284172976013,0.24847082315047855
299,32683,0.05117533946633768,0.8868149837414349,0.062009676792227464
300,46794,0.18093580548328803,0.5848584350976351,0.23420575941907695
301,16376,0.2544001674517061,0.6730295292429096,0.07257030330538423
302,14419,0.05896563124312389,0.899477320900228,0.04155704785664799
303,10910,0.31161301647547274,0.34435676214312355,0.3440302213814036
304,3825,0.35253915293769983,0.3572296831863203,0.2902311638759799
305,43013,0.014511981538721859,0.9675279223878396,0.01796009607343874
306,38783,0.06356942005132452,0.8707933691380069,0.0656372108106688
307,29420,0.1431854301295267,0.8002875006723826,0.056527069198090606
308,49516,0.6054226041593536,0.2390596387531916,0.15551775708745474
309,55474,0.3543394338053862,0.32318487009679603,0.3224756960978179
310,6992,0.380084975881169,0.5288228647404394,0.09109215937839166
311,18823,0.30861723065893,0.4619720679104347,0.22941070143063527
312,37954,0.5669915866265635,0.31176516188783054,0.12124325148560605
313,13050,0.3080190316874994,0.2789292713631796,0.41305169694932103
314,41886,0.03681084478908558,0.927341845903425,0.035847309307489326
315,24955,0.030104172701957654,0.8962201231861529,0.07367570411188948
316,30837,0.06884203751409503,0.8531096081015018,0.07804835438440309
317,34736,0.3455471441329117,0.3808603931104509,0.27359246275663734
318,12008,0.07527698569361801,0.9041907292005729,0.020532285105809175
319,3739,0.19248205171433835,0.7208005017331846,0.08671744655247703
320,48479,0.28959821509070177,0.25435167370836215,0.45605011120093614
321,7496,0.013950233800102085,0.9705811576108387,0.015468608589059301
322,21140,0.2524731068047804,0.6280201261913073,0.11950676700391218
323,46762,0.6073157159283613,0.25869344080286616,0.13399084326877256
324,33878,0.2651281158405921,0.44916792175258763,0.2857039624068204
325,50633,0.42468500182855995,0.4827344591549255,0.09258053901651438
326,35710,0.03585136377111226,0.9062360453210044,0.057912590907883206
327,4732,0.15867057918329597,0.7582674097188744,0.08306201109782972
328,46814,0.21283146990869073,0.5587225291755201,0.22844600091578912
329,36216,0.02327609284131565,0.944153418116012,0.03257048904267221
330,17130,0.2710418102644323,0.49513782992142824,0.23382035981413926
331,52079,0.298735227220365,0.43800588049615824,0.26325889228347676
332,5672,0.3413881116985106,0.3748724077288699,0.2837394805726194
333,48823,0.2367535001908173,0.5802488473438385,0.1829976524653442
334,36815,0.05625673854933618,0.9129519683220252,0.03079129312863866
335,11579,0.12098863889389613,0.7137147086731594,0.16529665243294436
336,24317,0.34235663445792697,0.243774209115997,0.4138691564260759
337,23830,0.59648469230323,0.2724930766111937,0.13102223108557634
338,48526,0.35903541327647553,0.2911404956425936,0.34982409108093093
339,41617,0.1590994475027456,0.725030881069492,0.11586967142776253
340,31096,0.36451670946996273,0.3539138095829694,0.2815694809470678
341,23505,0.5756075056751946,0.3088048010570968,0.11558769326770867
342,45385,0.5192165742512589,0.19808783374194103,0.2826955920068
343,28616,0.3651086369771079,0.38422214379244934,0.25066921923044283
344,53889,0.396825352874694,0.49152248864526765,0.11165215848003839
345,8130,0.041754159648692196,0.9005176456990648,0.05772819465224322
346,50511,0.04802233683078617,0.8824712432126586,0.0695064199565553
347,11048,0.32959666881936556,0.4108176996183913,0.259585631562243
348,45439,0.05020274850339913,0.8805527686602277,0.06924448283637306
349,47628,0.0642573191447838,0.9132597232690488,0.022482957586167442
350,19442,0.17464268218978032,0.6554703011400179,0.16988701667020173
351,50348,0.023816361852347315,0.9499749206827732,0.026208717464879315
352,45125,0.2637581192252665,0.5256152202745632,0.2106266605001704
353,15480,0.19124530952890229,0.674774762886176,0.13397992758492183
354,5785,0.33374044289116883,0.4563267683364534,0.20993278877237767
355,22950,0.03672469584096664,0.9070774437692707,0.056197860389762655
356,48285,0.04983554091751424,0.9293576897299337,0.020806769352552167
357,39728,0.28527642020499194,0.4080575671804106,0.30666601261459747
358,50648,0.3737252978486835,0.5143917093316809,0.1118829928196356
359,39162,0.43820937858627673,0.23123247194764748,0.3305581494660757
360,17040,0.21807369072579072,0.6286602581797739,0.1532660510944354
361,41394,0.16606754547747662,0.7309288664744921,0.10300358804803128
362,53765,0.05038255555879473,0.9297770871025862,0.019840357338619007
363,43503,0.3021425061309821,0.5217605482000037,0.17609694566901427
364,8465,0.050304532362639556,0.8841383180266574,0.06555714961070298
365,15858,0.025994533312594725,0.93772172934374,0.036283737343665155
366,27992,0.12710341878932477,0.7378870683645721,0.13500951284610319
367,31428,0.3203462896167968,0.3395873687773847,0.34006634160581856
368,54432,0.23092505462351048,0.4079561151209122,0.36111883025557734
369,32182,0.5862830127102294,0.2977176448207251,0.11599934246904546
370,2410,0.621017346457465,0.2611155455400408,0.11786710800249427
371,21454,0.3518867321755263,0.4620961916066882,0.18601707621778546
372,15178,0.391608638364092,0.4752969000428441,0.13309446159306398
373,43882,0.06044532150642162,0.8548819632064745,0.0846727152871041
374,45689,0.41770854166391835,0.25647313926093485,0.32581831907514675
375,16804,0.22856665878614313,0.667997172991096,0.10343616822276089
376,2799,0.08664440681274774,0.8054930539923035,0.10786253919494877
377,37350,0.2138170285017517,0.6292182417848252,0.15696472971342315
378,29841,0.3238239380882448,0.28043500780596886,0.3957410541057864
379,12201,0.05228567282009139,0.8943882188521406,0.05332610832776809
380,32347,0.19932948170396564,0.7193325681996029,0.0813379500964315
381,27940,0.09593423901932888,0.8383772409175654,0.06568852006310591
382,39360,0.4775394564995646,0.40158399981378873,0.12087654368664666
383,30727,0.46003478265913883,0.28432914557076816,0.255636071770093
384,31648,0.3374271600850253,0.46300462854223673,0.1995682113727378
385,3549,0.21482740224485683,0.6528698717516696,0.13230272600347356
386,53608,0.3927039361447028,0.5058088490564454,0.10148721479885188
387,48758,0.22986978506134248,0.5586726651870159,0.21145754975164166
388,24247,0.028727096638403407,0.9308127364149499,0.04046016694664682
389,23458,0.04318230433538463,0.9293563809772326,0.027461314687382773
390,8034,0.3801581206994063,0.32547133943732026,0.29437053986327344
391,54189,0.2895327392187886,0.5396430781961166,0.17082418258509488
392,54589,0.24034697852712072,0.6898941901813415,0.06975883129153779
393,55756,0.2806733696353599,0.34847654085121504,0.370850089513425
394,52810,0.18211100092295054,0.6875301313249436,0.13035886775210595
395,54475,0.5408752374454762,0.3410236220142608,0.11810114054026306
396,36344,0.2340464888028721,0.635106917070999,0.1308465941261289
397,34187,0.039481389654964595,0.9423895224778808,0.018129087867154576
398,45882,0.35363848686162963,0.2569147532148559,0.38944675992351446
399,32637,0.6727680777863256,0.2311870916592851,0.09604483055438921
400,32794,0.06496732895230747,0.8358278987071909,0.09920477234050178
401,48482,0.46677585723684045,0.4011112813219408,0.13211286144121875
402,30153,0.2653011771866152,0.35941196089271593,0.3752868619206689
403,27002,0.022292404985652478,0.9511458431133021,0.026561751901045347
404,1991,0.018821325650767117,0.969505980980142,0.011672693369090902
405,41343,0.01940342597664834,0.96079942721025,0.019797146813101605
406,12653,0.30256003147682436,0.4695735110064223,0.2278664575167533
407,16344,0.29069768789638367,0.25715599091013563,0.45214632119348064
408,7418,0.569749819492088,0.18269230799431943,0.2475578725135926
409,12869,0.47172578823377237,0.44065571811581655,0.08761849365041109
410,31569,0.2727681313405903,0.4088760021768174,0.31835586648259223
411,51171,0.3456984884404796,0.3566086506186712,0.2976928609408492
412,8882,0.26712974867915235,0.487325715803612,0.24554453551723562
413,29941,0.2183727619717765,0.6375501269061428,0.14407711112208085
414,54008,0.28123811171464647,0.47440063187479786,0.2443612564105556
415,43229,0.31109190506431,0.49961167035986026,0.1892964245758298
416,17018,0.5397704787334789,0.23191874514218788,0.22831077612433326
417,28196,0.1490469189044891,0.789024514982489,0.06192856611302177
418,17555,0.6089042909152688,0.2363443099198804,0.15475139916485098
419,8351,0.36075352961853135,0.3116943802720211,0.3275520901094476
420,6603,0.6025496852246511,0.26987044430198454,0.1275798704733642
421,22852,0.5364334914936653,0.3615577065679384,0.10200880193839648
422,44570,0.33250831734271646,0.5345412414652103,0.1329504411920732
423,29139,0.37500596584715473,0.18739320758362182,0.4376008265692234
424,33364,0.3055955975925685,0.29485055673762706,0.39955384566980456
425,29186,0.2585402452554346,0.42475542702570873,0.31670432771885665
426,44531,0.46669552191945657,0.41548538983050404,0.1178190882500394
427,14237,0.21562310003871393,0.5931099145231282,0.19126698543815793
428,19516,0.17942389053914404,0.7349689590991062,0.08560715036174964
429,50412,0.2916826101938291,0.3731067139995073,0.33521067580666364
430,52352,0.05110355087303119,0.8738484873799918,0.07504796174697706
431,52122,0.07960465158448543,0.7866881047506082,0.13370724366490636
432,11311,0.23036151657870876,0.6077923359205577,0.16184614750073353
433,2546,0.35229033834114154,0.5384656748511425,0.10924398680771609
434,3447,0.3704024614253544,0.5007090689340141,0.1288884696406315
435,28230,0.5698742549753747,0.263611665997261,0.16651407902736434
436,55515,0.028547037255127625,0.9394385848742903,0.03201437787058217
437,54377,0.636523997019704,0.22756238037324025,0.1359136226070557
438,54211,0.5356495774987529,0.33768394165883164,0.1266664808424155
439,32138,0.05449082985437118,0.8939479471060426,0.05156122303958607
440,21136,0.1028392455279425,0.7429722978610209,0.15418845661103656
441,26711,0.3656610360163859,0.28854338058918855,0.34579558339442557
442,25226,0.03030891433411116,0.9029558671312364,0.06673521853465247
443,20744,0.29657009705550685,0.2872947069421646,0.4161351960023286
444,46777,0.06939901550756454,0.8497420887173588,0.0808588957750765
445,7956,0.2817960627206136,0.5742589860925372,0.14394495118684927
446,7889,0.4192460957183496,0.32884404627849184,0.25190985800315846
447,20605,0.2849569254083608,0.2904521428270191,0.42459093176462015
448,50432,0.42801941161879153,0.19605459553417637,0.3759259928470322
449,367,0.257637634698967,0.3943160651814241,0.3480463001196088
450,13695,0.09680711595259893,0.764991442279319,0.13820144176808202
451,30002,0.33598207295503163,0.3251571117735801,0.3388608152713883
452,56330,0.45130842020966755,0.32510133402452623,0.22359024576580616
453,2557,0.05725614541426722,0.9166811387162218,0.02606271586951098
454,47418,0.388026413699507,0.29966681324907585,0.312306773051417
455,17100,0.24855869483288937,0.5378167253585986,0.21362457980851207
456,27717,0.03812924081304615,0.9111375128821797,0.050733246304773987
457,38322,0.33111627264701327,0.41604691892514456,0.25283680842784223
458,36033,0.13341951002832392,0.7426864668320127,0.12389402313966341
459,5882,0.3652667169610873,0.3705043962137143,0.2642288868251984
460,6240,0.398015365009582,0.26569157991150977,0.3362930550789083
461,54982,0.6202564581960179,0.25496245437200005,0.12478108743198202
462,9623,0.5204227046474835,0.36538842583531533,0.1141888695172011
463,51119,0.04723644827633414,0.9418947328401704,0.01086881888349546
464,1174,0.011649901430583361,0.9760509278340912,0.012299170735325292
465,28448,0.017028026291206103,0.9700851540552218,0.012886819653572053
466,39256,0.296451054662971,0.30891659296597646,0.3946323523710526
467,6931,0.03142979096768449,0.9149182391409245,0.05365196989139101
468,406,0.18021821507370542,0.6131146021753403,0.20666718275095425
469,5879,0.21923234228177918,0.6440413704807585,0.13672628723746238
470,8024,0.031709870417623104,0.957792852236666,0.01049727734571093
471,48015,0.058086567144854585,0.8717102851497145,0.07020314770543093
472,8009,0.29953141249257226,0.3947050641854336,0.3057635233219943
473,25180,0.4132781686943076,0.2709443060628857,0.3157775252428066
474,3349,0.39109066554964533,0.41153849796717246,0.1973708364831822
475,16406,0.6364437220877784,0.24212453774174195,0.12143174017047968
476,43952,0.38746512901849967,0.29706983214334287,0.31546503883815735
477,35579,0.32698138362438334,0.5804309761256214,0.09258764024999538
478,39545,0.057980566977628864,0.8498169259799782,0.09220250704239312
479,27273,0.05226948063123985,0.870701295069347,0.07702922429941307
480,22894,0.1476969791696789,0.7011020675459569,0.15120095328436423
481,450,0.17112298859039637,0.6230366057402393,0.20584040566936418
482,50429,0.16885500558288977,0.594635394575721,0.23650959984138922
483,31495,0.46167211070825176,0.3744329252260116,0.16389496406573656
484,54942,0.6048940136420291,0.2496149908353832,0.1454909955225878
485,25035,0.04024769287580541,0.9308669133868183,0.028885393737376207
486,44829,0.2247895224291097,0.33036855244753965,0.4448419251233507
487,40595,0.3171175143039686,0.365897984607629,0.31698450108840237
488,31163,0.01234773560092498,0.9811841183274349,0.006468146071640049
489,10164,0.06144438612044261,0.8348562292462278,0.10369938463332956
490,30053,0.33058120503617316,0.44779260596876475,0.22162618899506215
491,55716,0.34095001114000867,0.35231008416313203,0.30673990469685936
492,35128,0.07404981334365898,0.8957641958707072,0.03018599078563381
493,4659,0.4068647251982858,0.5028133530100013,0.09032192179171285
494,8839,0.04642644972780878,0.8867009342046203,0.06687261606757076
495,9631,0.265322056865658,0.5087825019303236,0.22589544120401842
496,5641,0.02610033057795676,0.9348638705528829,0.03903579886916045
497,35574,0.34407049482589247,0.4581855487670686,0.19774395640703896
498,21786,0.2745385003527636,0.5590928638840759,0.16636863576316055
499,7691,0.5393433753656867,0.31811766447471806,0.14253896015959525
500,22902,0.04143810456984216,0.8412116474556913,0.11735024797446657
501,33361,0.30961869504419015,0.4942268897682457,0.1961544151875641
502,29542,0.43830464646787387,0.3834730905041074,0.17822226302801866
503,8940,0.025807469409182646,0.9276416425412765,0.04655088804954097
504,15645,0.5487985699167177,0.27999318995683015,0.17120824012645222
505,15099,0.2514535833762314,0.3976120004059074,0.35093441621786114
506,10468,0.31313289780270176,0.5904681705456278,0.09639893165167046
507,11460,0.35616911642432986,0.36889627526614666,0.2749346083095234
508,33107,0.2381988291127584,0.5643058100941937,0.19749536079304797
509,34918,0.03778221276576242,0.9394787380406857,0.022739049193551818
510,13243,0.6260772517741178,0.2340716405899203,0.139851107635962
511,42524,0.2638300792207322,0.597299801024287,0.13887011975498081
512,33392,0.32329706646385986,0.4252284744079713,0.25147445912816896
513,4462,0.20316203581544565,0.5889041672139336,0.20793379697062075
514,17269,0.1731429505634327,0.6723927658253859,0.15446428361118136
515,54225,0.19593074438745053,0.7234131075180694,0.08065614809448005
516,45016,0.43121257644199407,0.4795314058411604,0.08925601771684552
517,10519,0.6684738882580087,0.18076888857005688,0.1507572231719343
518,30391,0.31303496808863074,0.4650753127345775,0.2218897191767917
519,28576,0.349877793234968,0.3354402881263759,0.3146819186386562
520,35517,0.1628837212792692,0.7710469310631571,0.06606934765757376
521,32954,0.3970536489268293,0.43266864359445484,0.17027770747871593
522,22245,0.013825782536982833,0.9694104924968104,0.016763724966206723
523,13546,0.03282419443878253,0.9175220394238841,0.04965376613733355
524,17158,0.35930102096447897,0.40298405921343694,0.237714919822084
525,46949,0.4219484118303006,0.48367531424121235,0.09437627392848714
526,7360,0.03786674510906922,0.9275708175967873,0.034562437294143405
527,45267,0.499557874630239,0.27575023294121437,0.22469189242854667
528,18273,0.4484795479024811,0.24797225794706199,0.30354819415045686
529,12222,0.3603992458577651,0.29483611042210356,0.3447646437201312
530,21520,0.44995205906353447,0.45898179401094585,0.09106614692551963
531,19338,0.5232869652592206,0.3767446457407702,0.09996838900000925
532,17465,0.38318221830402294,0.30835841670738534,0.3084593649885918
533,2389,0.054726715397464834,0.8587763630549944,0.08649692154754078
534,18807,0.24828714946283573,0.512850356443948,0.23886249409321622
535,36102,0.04177558127473742,0.8815437797371537,0.07668063898810878
536,14945,0.30398011172815004,0.5492871686946146,0.1467327195772353
537,49303,0.32737037546669845,0.46724285635276686,0.20538676818053464
538,22921,0.5315481014183553,0.3706447016687911,0.09780719691285356
539,4716,0.378510990977401,0.34926250792026303,0.272226501102336
540,4897,0.0516331390361467,0.860000845080744,0.0883660158831092
541,17296,0.3962753817400126,0.40742518969733826,0.19629942856264906
542,31709,0.4359501221999912,0.29323749240307634,0.2708123853969326
543,31845,0.3122515920447006,0.6093088595134627,0.07843954844183675
544,25972,0.03244454726167099,0.946625615175091,0.02092983756323789
545,15141,0.02223998057551044,0.9586533734586304,0.019106645965859283
546,41944,0.034043309916923614,0.8905101255778028,0.07544656450527357
547,41562,0.09055825177166175,0.7777688810168552,0.13167286721148305
548,37227,0.38867308989457605,0.3230036290313163,0.28832328107410765
549,18422,0.43173813191445143,0.31235436877143324,0.25590749931411527
550,38530,0.399092631367923,0.3732950513040409,0.2276123173280361
551,9453,0.6110660240455965,0.24576873458712184,0.1431652413672817
552,56028,0.32752810248318914,0.40965754111296004,0.26281435640385076
553,19676,0.2567035915616346,0.40613027190961465,0.33716613652875077
554,47146,0.36560895461325693,0.413666284640174,0.22072476074656902
555,5512,0.018847764720015356,0.9584819380315959,0.02267029724838894
556,36660,0.1671950418777826,0.7797938033999167,0.0530111547223006
557,2513,0.5441749096661025,0.2743263586763491,0.18149873165754846
558,41367,0.4468699221827899,0.27207769142016636,0.2810523863970437
559,24784,0.05173473778150813,0.9277560668729155,0.020509195345576374
560,12051,0.1862861705713545,0.6176521355874045,0.19606169384124092
561,10288,0.04649921701103117,0.9350530863727353,0.018447696616233553
562,10158,0.543457167426028,0.36942259077722334,0.0871202417967486
563,55489,0.6286368865582769,0.24630128477084162,0.12506182867088161
564,48937,0.4445001441694463,0.40809193622260104,0.1474079196079527
565,14976,0.49015867533002017,0.3980399021406136,0.11180142252936628
566,54071,0.22070183427886894,0.6551375465053436,0.12416061921578739
567,23246,0.04044125793107101,0.9083184224747551,0.05124031959417387
568,47705,0.2260600463198254,0.3576311986635477,0.416308755016627
569,45541,0.5480476887607478,0.3403115959234181,0.11164071531583407
570,31969,0.12566512022036608,0.7754909729642541,0.09884390681537987
571,40197,0.016877065962747632,0.9556651053641004,0.027457828673151965
572,4621,0.1255609751215231,0.7354340144046816,0.13900501047379546
573,16208,0.33215627398878284,0.36116033805664105,0.30668338795457617
574,27382,0.34220177913498856,0.2212832560327533,0.43651496483225827
575,28620,0.046574754766603554,0.9314030139103852,0.022022231323011128
576,37432,0.17589802289695614,0.698686073181479,0.12541590392156488
577,45253,0.12632275006592042,0.755447432446038,0.11822981748804169
578,40013,0.09742514460261067,0.7996110144110219,0.10296384098636732
579,18135,0.27774834604363496,0.2938701395998185,0.4283815143565466
580,25615,0.11547340749076299,0.7464664315947762,0.13806016091446074
581,8836,0.058049817339731274,0.8792958414580074,0.06265434120226135
582,18836,0.48110339534523294,0.2692690608558254,0.24962754379894145
583,8506,0.034924691396357954,0.9085535349265195,0.056521773677122744
584,19376,0.02271261035067335,0.9495200664768492,0.027767323172477393
